10000
8416
-391
-3830
-5573
-8810
5445
-982
-3624
-6288
-2744
-5123
-3408
1389
7326
-508
-7793
7158
-9360
-9165
-8929
-2828
-198
-8799
2987
-9899
3678
-3218
5947
769
2898
-4540
-9593
3083
-5255
1609
4225
3730
2764
-5449
-8589
1066
7022
9255
2080
3136
-6146
914
1033
-2721
1901
-5760
1303
-7883
8163
-3276
4347
1572
-5603
2836
-9935
-1506
-5468
2196
-230
8660
6452
8680
-8063
-8343
4844
7958
-3398
-1122
-3059
8439
-5229
6549
5868
7247
5480
-675
-9232
82
-1609
-6338
5297
497
-1212
-19
2990
9644
7838
-7949
270
-4794
-8219
-461
-418
-1270
-7289
1159
7013
637
-5147
-2282
-1927
3542
-4949
-6264
-1123
-6244
-9353
-2961
-6501
-5940
-670
9486
9269
-1947
7318
4158
-3758
5245
9448
-1232
2235
-9789
-3976
6179
-5190
4053
4555
409
9804
8024
7678
1791
526
-1021
-9788
6940
8898
-2822
1557
6216
1089
2681
-9296
-53
-4251
2945
4271
-4620
722
-8987
2168
-2482
-3685
9594
-5863
-6979
1343
-1477
-7292
-8399
-8830
-5559
8634
9673
-2045
5094
5065
6932
5180
-3001
4458
-8189
7749
3036
5723
6028
-3038
-2224
7700
2713
-2381
-9715
2095
-9893
773
-3017
-6592
-5424
3534
-740
1483
-2016
7324
2962
7730
-9783
2029
-5709
7922
8915
-9451
748
286
9164
-2431
9732
2114
-7464
-1538
9594
-1652
-3918
-1335
-1707
6237
-2006
-5456
-123
-7538
-1099
-5264
6176
6862
1314
-1924
8194
1335
497
-8528
5252
-430
3315
-212
-544
4082
-330
7162
-646
5435
5195
-938
4063
-2420
6669
-4181
5292
-1200
-7436
-5429
-7004
8220
-7287
-9673
-59
-3816
-8393
864
5798
5302
-871
9556
4480
-7807
9065
-6265
3054
-8687
9627
1680
9982
2676
-6394
-6459
-370
7383
-6719
8679
-6103
9079
-7031
-4568
-816
2839
-4072
-9702
-2420
-9723
-7919
-5594
7354
-2752
-1238
5204
-2458
804
2217
-4541
-8662
-5105
-8954
-3545
-7154
-5401
4403
-2841
-9903
-6016
1441
-6403
-6078
257
9314
-7055
-752
-3543
-1483
1111
8358
-7961
-6750
-6440
1822
3872
-4571
5444
8419
-3078
875
9889
8119
-8607
4507
5920
1890
7787
7585
9347
-8176
-6341
-7977
-4627
-6849
1574
8778
-2242
6111
9735
-6881
-1485
7234
6220
-9825
3015
-1594
82
8718
-8127
-9579
-4208
-5591
-412
-164
7662
-8803
6062
-2226
-9900
-2670
2256
-1047
-6340
2400
2297
7780
-5776
4418
9816
2944
1174
-9120
1410
-5834
-5105
-261
6746
5613
-3329
-7668
-4703
8080
-9331
-6751
-4346
-574
-2393
8879
9015
-3932
8596
-8196
8743
2227
7768
-5327
7207
-3393
-6683
5738
-7256
-1050
933
4667
-8673
-3562
4761
-3147
-7682
6962
-2326
2709
-8965
9310
3967
-1906
7209
7839
-9305
3639
-4985
7624
-3761
4353
2468
-1031
-4031
5658
-1590
-4416
-8308
826
5530
-7844
-591
6430
2602
365
-1442
5593
8595
-3603
-9350
-2257
-6178
3684
-8975
-3991
-2147
-2594
2967
9783
5334
9718
-1819
-6041
-553
6179
1781
-1789
-433
6839
-1531
-5856
8120
8371
-8955
4042
9626
6022
3126
-7232
-1233
555
9857
4536
-6856
3514
6921
-4945
6807
-9654
-5833
-8782
-8866
-2094
7999
6774
1596
9591
1304
8241
-9393
7668
5219
-83
-9666
-8982
-3083
159
6051
6911
6841
2337
-5737
1558
9803
-3461
6778
-4636
-5551
-5092
-8948
-1381
-7642
1331
-2436
-6073
-3857
1233
-7248
-9645
-9144
2593
8338
-3576
2273
9509
8544
-3877
-2141
-3934
-6084
738
-2521
5783
-8157
9283
9884
-6599
-8167
-7656
7408
-8493
7928
-3550
6191
-8514
-2817
4598
-1372
-6602
-5078
3621
-532
-6233
2505
-967
-7769
-2114
8121
-1934
-6996
-5278
-2228
-5
4767
3421
-1728
-570
-484
-545
-1070
-780
7818
311
-9718
3713
-897
2384
-8942
-1926
-9188
-6779
-2964
-3054
-6671
5024
-2124
-2573
629
-7449
6916
-4094
-2668
-9254
-4297
4219
-6025
9499
5674
5532
7644
-505
5924
7241
2867
8643
8814
-7055
6389
7894
2008
3935
-2051
8194
1313
7628
7639
7749
4105
5301
8058
3733
9865
4286
7388
5617
4427
-6389
1274
-4404
-1166
-2886
-3481
-1966
-6539
-1866
-9365
-8021
5162
8656
7621
7045
-4908
-9222
5981
4563
8369
-7110
1951
9724
-5309
-3325
-7214
9207
-5356
-2221
-4956
-7461
3197
-9281
6000
-7233
-4648
-3165
-6588
-5524
2789
-3224
-4805
-8881
5873
-7867
-9260
5940
-9598
5047
-3172
-3660
9562
3898
-2018
3353
8343
-7688
7854
669
4514
-6553
-6155
475
9189
4802
-7646
-9176
-4830
1697
-7918
9619
-9178
-3395
5523
-572
5321
5082
4206
-6038
7134
-5640
7407
3924
8587
943
7676
-3144
-8046
7885
5641
-1990
-4416
-7580
-3872
3353
1530
-8156
-5718
8246
1422
-6444
9942
3155
-2656
8450
-3089
-4695
8426
-2058
9239
-9076
-274
-5170
-8859
-6249
-8432
-4379
-7398
1082
8903
-2219
-4795
-327
5666
8431
6342
-6868
1018
-3624
-9463
-8042
3458
8338
-722
1125
3923
-6051
-8173
7315
-2349
716
-4658
-6795
1877
656
-6685
-7288
8005
5910
-3457
-6965
6789
7874
-7412
-9452
2634
-8429
-786
4989
5275
576
4046
5784
-5557
-587
-2767
-5111
8606
-1061
4427
6545
1941
-4447
-2452
-9251
1564
-7988
6023
6099
2088
3549
-1801
-2943
20
565
1190
-974
-5751
-113
-9328
4087
7268
-3110
-1935
-1223
-7646
-3949
-3422
-8569
-5732
402
847
-1789
-3249
2866
-6500
-966
-1320
-5756
7100
-909
648
-1576
-6330
-9238
-4134
-5448
424
-1440
8017
-1135
4406
-5493
7821
4097
-6288
-6949
3216
-1316
-192
-634
5608
6031
3732
3739
-9005
6668
-1174
-843
-5249
-3899
-5319
8920
8786
-9121
-1478
-3130
8747
9699
-6584
820
-3900
9893
-4767
2803
-7294
-4414
3542
-269
2626
-3598
6090
2211
8004
6204
372
-26
-2978
8053
-7362
-1471
-1400
-9415
143
-818
-4049
-2958
-1844
4933
1071
5801
-3088
-6030
9263
-7582
3835
-3779
144
-7416
9427
-8860
-9828
-4904
-4136
2161
3504
-8047
-2615
-4712
292
3782
-210
322
8916
1624
9942
-3947
6665
8627
2537
8269
2323
-3132
9685
-6654
2377
2242
9990
-641
-3262
7366
-4090
-6254
-5572
1096
9445
1119
-6541
-4492
4642
-6110
-5514
-9374
-4550
4395
-9022
5852
588
9447
6618
9250
7737
-1082
4253
8667
4017
3585
-8728
-6601
3143
6086
4233
-1027
-3734
-7515
-635
-1494
8262
7713
1819
6594
-9682
-3347
-4665
776
816
-7377
-5352
2574
-2231
-8094
-5800
1387
-715
-4288
-8630
5238
-8407
1376
2011
-5272
-9027
-1848
-8170
-5969
-1915
-4469
1688
887
-4725
3595
341
-785
-2380
-212
2327
4071
-258
-2302
-6059
-529
-3779
6174
3042
-7679
1026
2890
974
-9256
5381
-7444
-6265
-996
-8611
-8177
-5184
5547
142
5785
-8249
1582
3919
-3915
6607
-3246
7169
-6734
-6858
2275
-4115
-1935
-2744
-7174
-5431
-9807
4238
-6596
7103
-4243
-2499
2642
-4563
-9142
-288
-7060
2252
-5268
-2402
-541
468
6193
2996
4793
2373
4963
-4120
-2466
-7764
3923
-1975
-5950
9221
-2289
-8049
-7606
-6104
9443
-6817
-2294
5541
-8068
-7064
-1830
-2213
1798
-5344
-3175
2582
-2302
-3972
-2517
6627
4237
9365
8032
6704
722
8164
9277
-7799
4616
7346
9576
3163
5224
-260
3704
7737
-5756
7777
3576
-7421
-5347
-2760
-7983
-291
1691
5288
95
7835
-5739
-4446
-1325
7212
3498
357
-2754
-4533
7055
4982
-8005
-2964
6327
5046
6909
6312
6821
336
8777
7062
8138
-1361
2204
6860
-3509
294
3604
846
1143
-8608
4859
3498
-5085
-9713
-1217
5517
-2520
-8682
5963
-408
-5706
752
-2971
2892
-7962
1846
2821
-643
-5323
7899
-4183
-728
3475
-481
-8776
-4058
-2570
-9327
-3434
-4174
-7360
-9938
9992
6611
-5710
-8787
985
-5302
-7037
2175
1458
7660
5567
-8618
6457
6576
842
6428
2755
-6160
442
2844
-934
8403
-8867
1281
6086
-5728
-9129
-2712
-7822
2134
-7155
5976
2324
-752
-6135
9150
-8355
-8790
6861
235
-4465
3337
-8222
-8095
-1562
-3250
-4828
-6063
5928
-8936
1337
4537
288
6183
-277
2036
-9881
2579
8043
8268
5672
-2477
-1253
9660
-1950
-6072
7323
-4719
3011
-8741
1438
2438
7257
3173
-9454
5026
-3934
-3162
1139
6568
-481
238
1082
-7491
2259
-1409
-2943
-3601
-6849
-524
2696
5542
-964
6317
3350
-9029
8426
5589
9026
-9958
-6821
-2284
-4278
9683
6722
-3557
-164
9323
6453
37
-5935
9175
-4832
-9670
-5944
156
-6894
-4606
9615
4522
-6448
7920
569
5663
8191
-9710
8295
890
7938
47
3575
-8702
4022
5124
7267
7516
-2870
-5786
8883
-328
1866
2475
1634
6226
931
6864
7252
-5745
5213
2594
-464
7989
-413
6942
9700
5973
-3
-4530
5405
-8935
-772
-6725
9477
-5269
-9591
-5927
6809
5036
-6188
9374
-9086
1877
-6389
4221
5993
5829
-2080
-3602
-8993
-5852
6574
-2365
217
-3076
-7804
921
3159
-400
9121
1371
-839
5196
-2544
-8953
-6393
-2741
-2741
-7818
-5027
9962
-4428
2047
98
1018
9081
9437
-6980
-6414
-3084
1612
8637
6607
2978
-7624
6104
344
-2405
6506
-1677
-5025
9321
-4384
4427
-666
-27
-9798
-6462
-1797
3440
7523
-7706
-569
5521
-9577
764
7795
7483
5121
3560
8348
-4797
3426
-7018
786
-4682
2249
1035
-7879
-1588
8881
-7056
2933
1222
8696
4632
592
-2794
-1891
1328
-1225
8474
6955
-4524
-603
1196
-5206
-1364
-920
4954
2765
-3020
-4555
-8174
6073
9795
-1002
-9825
7835
6607
405
-5626
1526
3650
9281
-4459
3625
2301
-796
540
4697
7656
-265
-7470
-2955
-3962
317
2192
1455
-1824
-1426
569
4881
13
6763
-1646
8295
6315
4625
-7396
-2845
188
5967
-8846
1818
-9092
3108
3918
-934
7756
-6701
2540
7389
-8370
-4909
-5108
-1969
-8375
7589
8361
-2867
-7845
-6950
8575
-8248
-7699
4669
832
-127
6323
7667
2902
-8351
-9921
5858
3724
9245
2569
-686
-6354
2107
9262
-7055
7668
-4438
3535
5471
5438
-4234
-4403
1222
-9149
-9504
750
-4709
2573
9755
-5794
2668
-665
-6225
3250
-5689
8112
-1148
-2828
-8150
-4466
8714
6104
744
8280
9801
-963
1181
3715
6451
-7862
-2316
-7467
2546
2925
-5594
-4522
1941
6440
763
181
9847
4474
-3310
-4220
7100
6398
-3952
4702
8364
6183
-4973
-7621
-1477
460
-3322
-8884
9748
422
1291
-4663
-338
-5317
4657
-4097
2671
3894
-8047
248
5172
4128
-4527
-3247
-8815
-1936
-6898
8450
-1379
831
6194
4174
-8140
2974
-9962
4917
5373
-7507
5528
6785
-9109
-4553
-7071
1570
5611
-3354
4959
6270
2725
9489
-8328
-1065
4783
2004
-9198
-1791
-9791
5347
-1064
-2436
-4975
-5636
-442
1209
9683
3854
-162
243
9611
-8888
8224
-3341
-8797
5513
-6185
-5646
-4159
-1401
-2964
7438
-1846
-663
-7096
-3532
5661
3588
-4192
-3053
4964
8701
2550
-8913
7117
-2928
-1391
-677
2247
-824
174
6215
-5260
458
-6122
2446
-5928
-2116
-2191
-7673
3613
571
5973
-1250
5832
-7714
-4102
-3763
5468
-8547
6931
-5428
-9496
-7842
-1433
9715
-9082
-8242
-2013
6519
-7644
1746
-5830
9437
-1552
8231
9447
6633
-1058
5652
-4534
-8059
4584
-892
-3919
1983
1025
6624
7990
-9443
4235
-2519
6021
1314
9403
4792
3177
662
-5224
8853
5124
-5809
1879
2296
8726
-4259
4152
-7899
7099
2369
2745
-3191
3365
-5316
7582
3625
-8754
-7801
-5864
-3493
9561
-4589
-3395
-1435
-6300
6414
-7051
-7546
-9031
8878
9717
8602
-5395
-4780
9950
2351
-9945
-4830
-2756
-3498
-3539
-283
-8762
-8850
8644
-1100
-760
-1816
-8731
-7172
-4810
9589
309
8497
6969
6192
1558
8378
7099
-8104
-9046
8083
7566
9831
2838
-8087
9674
-2872
-5312
7266
-9064
-3394
9027
-6905
5292
7348
1429
9597
6949
3431
-7968
-4346
-5115
-8431
8515
9349
-3527
8720
3597
7935
-5375
-5770
731
4564
-7199
6880
-4088
-3201
857
6542
-6122
-8706
6656
-8643
-9364
-9700
988
9437
2256
-8161
-9384
6007
-1097
-3264
-7061
-3296
3286
4612
7000
-103
2320
-5309
-8561
8195
4955
-4071
-5585
-2827
-1425
-4816
4358
-1205
-1561
9906
-804
-432
-5895
794
2210
8447
827
2164
4733
4805
8710
-6959
2015
-3663
-3969
-2741
6111
154
3816
-208
-7887
9784
8719
937
-1474
4770
-1270
-5349
-8986
2966
-3237
6439
-9329
5608
-8944
-3123
-1074
-7015
-8260
2548
-6013
8272
-579
-6998
-6532
-5621
7275
3474
-5202
-6515
-6601
-8699
-6739
1664
1734
-5590
-4046
-1753
7782
-4717
-6626
-2178
-1176
7966
-6226
-1700
-912
-1961
8015
-2241
-1278
-8815
-6410
-6696
-484
-8150
9818
959
5863
-9075
8458
9875
7958
-9622
-1691
128
3408
1635
-8437
-4934
3629
6874
7125
5651
-68
-9684
2118
-1884
2954
-9999
5003
544
9771
7751
8113
3153
368
7981
1679
8044
6475
-2727
9587
5905
4989
-1004
-1562
8977
3606
9338
9685
2960
-4162
-9790
-9710
-5376
8422
-7268
8206
-2744
-6233
-1493
-764
-8080
3594
-171
-5675
-9990
6504
3588
5151
4811
6570
-5307
10000
4704
-4306
-3489
-3907
-3828
-8235
-7947
-8276
-6961
-6495
-7945
4416
-5720
6501
-6720
-8459
-6040
-5531
7295
3406
-2052
-9294
5990
8206
-777
-6529
-7241
9221
-6404
4280
711
4150
1423
-3015
-1442
5682
-6265
4742
825
-3659
-6580
9742
-6806
4266
1837
-5478
-9196
7467
-8512
157
-1625
-833
7720
5770
-8914
3107
5499
-5304
6048
-7035
215
4700
7841
7287
-1861
8499
-2315
4638
-8844
7835
3868
-4770
-7861
3259
2093
8553
4146
9880
-169
-4267
-9539
-7008
-4371
5020
-9419
5813
8999
-4959
9716
-4514
-418
7088
-5643
-8418
-8055
-2313
-6085
6684
-6751
1173
-6678
-3274
-6574
4522
4698
-1776
-8656
8130
-8482
408
-105
-1488
-4136
-7193
501
-4905
-8316
7737
-9666
-2591
-810
3341
172
-537
7503
-5964
-6657
-3843
9740
6455
-278
8567
-5489
-3698
612
5852
4854
-8928
6790
-6826
2119
5799
9468
7237
3114
-8281
-9879
-7481
9507
8812
2673
2640
-3338
-3211
111
8722
8994
-5857
-4310
7739
-9816
-3183
9586
-4179
-8778
1048
929
5240
9643
5711
7976
-1687
7534
8211
8736
7059
-935
2524
7405
7177
1634
-3085
-1084
4630
5934
3548
226
5155
8014
5061
-9624
9990
-3100
2975
-4941
-9573
-5160
7715
7324
195
2954
-5569
6870
-5896
-9254
-8147
-456
6870
-1140
-3383
-5462
9739
-3811
104
714
-7831
-6105
-230
7229
-8217
-8670
-5178
-7362
-9056
-9922
-5640
-8011
5083
-4872
-528
-6025
-8781
-5548
-5524
2205
-3759
8850
9511
-9274
-6072
7952
-6389
5978
7711
-3568
3473
-1328
-306
-6410
-314
2681
-2955
-9554
6897
-7457
-8871
6902
-9541
6246
-8504
8978
6228
3832
6884
-2344
-9057
-9054
1445
-9362
-5181
790
8879
7643
447
8130
-1949
-9867
-211
2633
9314
4197
-3062
-7290
7705
3644
-9719
4752
2152
8577
8981
3075
-6032
-9585
2548
-976
9563
2435
-4220
1188
4991
-5901
-5161
2105
-6207
1868
-359
3986
9864
7128
5267
-2140
89
-1104
-714
-7015
-9484
-2002
-1795
797
-2608
3295
164
-1076
-6677
2622
2762
-1173
2514
9282
6448
-3239
8741
-3056
9366
-4890
939
-796
-4387
-9922
-6299
8427
4345
9632
-1500
3103
706
2343
1728
6145
-2808
2985
-8212
8209
-7061
-1968
-3170
-9916
-1187
6144
-8972
-7738
-6311
-4512
9647
-8440
8158
-4658
-4595
2385
-746
4000
5323
3686
4698
1173
-3266
8233
434
-9679
481
-9164
8365
5050
9126
7606
6793
6513
945
-5063
1697
6725
3067
-5888
-9396
7555
-431
-8589
-8087
1307
8835
9308
3124
9516
-717
-8303
-9169
-1235
-7632
9661
-340
1156
7428
4415
-7619
8156
-6941
-6278
223
-8056
-8397
-3832
8663
-8400
-5554
7714
-7815
-1619
2263
-6830
6284
1943
8851
-5581
-2707
-2019
-4068
-8171
8083
2951
7000
904
4124
5621
258
-9087
3229
6474
4202
949
3963
1713
-8450
911
-2425
-5925
-7374
1797
-280
-5675
-3890
1256
2794
3381
7224
-8143
6056
-6003
320
6220
9573
-299
-9550
5219
9606
-2031
-2297
-5922
1764
-7242
1607
4692
-1083
-662
7837
729
-9109
2261
7991
-6122
7605
1505
-7425
5858
8458
-9348
1494
-5910
1156
-4272
2827
7743
-8536
-6895
2550
-1696
-9753
3348
-2686
-24
-5623
-9728
-3609
-6834
8931
-8566
4543
-26
2652
-7173
1546
603
9782
9683
3344
-9715
4020
-3347
4325
-2421
2705
-3931
-4218
5350
-7438
-5321
-6235
9848
8526
1897
8513
2823
2124
-7331
-2747
6687
-5227
7870
-7671
-3819
-4185
-3131
7586
26
1422
4534
9004
-2988
5501
5092
-6106
7599
-8805
5743
4186
-6600
4861
-9378
-8563
-503
-132
-7874
2342
-6154
-5115
-7827
-4392
5766
9926
8692
3828
304
-7485
3543
4176
114
270
3490
2054
-2870
-2651
4776
-1722
4233
116
6520
-3377
-6898
8341
1361
-738
8231
1562
1094
-3207
4903
-6480
6
1883
-3914
-9521
8317
-8517
214
-9865
9891
8503
1829
5029
3673
6125
-3562
4228
9260
-3080
9703
1982
-2828
-5263
-1589
8740
1867
-2788
-6176
-1965
-8897
-190
2578
3537
1242
-9562
9321
-6559
-6733
1146
3657
3728
9479
1115
-4867
4331
6676
4199
9836
-6384
-4129
-6415
-1553
8269
-7840
3624
-3769
-3255
-5759
-5954
-8594
-4578
9488
-4349
4262
9106
-5529
-1343
2892
-7868
4489
4428
2282
-6037
3822
9717
2903
1363
2257
3501
5713
8207
5401
-862
-1474
9377
-5029
-696
-7614
8735
770
3197
1516
-5318
-5723
9316
-8810
-8576
8745
1748
-2683
-5753
7149
864
-7500
8763
6071
6589
-8712
-6028
8146
9018
9831
3649
2200
9274
-9875
26
9342
2782
-3918
9864
-8102
6614
2484
9192
2079
-571
-2629
-4643
1126
-4762
-4683
-8256
-5224
4075
-5183
-3236
8267
9391
-6471
1249
-313
-8959
6347
-7081
4464
4506
-3670
1376
-8722
-5358
-597
4571
-5309
80
-5706
-9360
8424
-5462
8103
-6510
-1580
-8258
-7825
9076
9245
1025
-2879
-2200
5546
5782
1252
5623
-3304
8179
-4841
7819
3621
6677
2748
-7761
-3988
-7287
-2886
-3584
630
2915
-5991
-5952
-8200
-3311
-2872
9449
6193
2983
-7825
500
-9065
-8053
889
-6242
2854
1674
1726
1504
-1961
-9246
428
3347
-380
8322
-6898
-2947
-552
-4332
-9858
1443
5894
-9288
4620
-6138
4928
-3155
2306
2131
-6838
1703
-9290
35
-6829
-4847
2511
4672
-6813
6969
2241
2684
9496
9545
-8405
-2456
1431
-3865
7321
4076
8127
5916
-1552
3969
3943
-3910
-9610
1798
-2574
-3025
7667
-2340
-8643
-4342
-1925
-2627
-9518
1058
6340
-3538
9844
-6898
-4352
-3483
8704
2981
-6210
-8839
9869
6508
9894
-2696
-3761
1516
-2676
7102
-2324
-9789
193
652
-4784
9263
5094
-7517
-8450
2684
1387
4581
8686
-9011
6634
9885
-7224
539
-6503
-4880
-8627
6808
2562
-9539
2980
-2878
-9644
7453
2098
-5227
-6994
886
-4193
-2950
4171
-5506
-8765
497
2786
4150
8177
9912
5594
3477
-7751
-8212
-8299
-8860
-7134
1159
6806
-7956
-6258
9055
-7255
-6416
1769
4643
-5172
3139
-5626
6475
7129
-7336
3062
-3587
9772
6643
-9021
223
-1364
6101
-6008
1482
2980
-3547
5030
-2736
-953
-7444
5648
5435
-776
3159
-778
-7539
-7888
-8767
1782
-9167
3764
-7852
-1889
176
7426
-7330
-4541
-1286
-5761
-1797
-1790
-4538
2807
1731
7131
-2563
8280
5315
-5955
-7901
-5385
2381
643
-6294
-7336
-3294
3823
-7621
-7235
-3322
9958
1478
4572
-8537
15
-7428
-5128
-578
257
-6476
3491
9717
7770
8834
-6188
8342
4901
6240
604
-3683
-1817
9904
-9933
-7546
5482
-5721
-2077
849
9008
-9302
-4481
4321
7802
7138
-607
-8135
1070
1613
-2023
3870
3708
4172
2404
-842
9368
9152
-2818
2318
-8835
3553
9410
-1952
-1155
2345
-6807
-7222
-1338
2450
-9167
-2405
-7558
-2036
-1149
1702
3008
-3897
-7767
4516
-1922
3475
-7092
3628
8090
2929
-8572
9324
-468
1738
2008
3731
-9576
8185
7491
8901
-1280
9357
8349
4182
-7695
8677
4274
-6777
2110
-2922
-562
-5147
197
9704
4526
-9639
9505
-392
-5635
8081
-5246
9441
-1741
5605
-1337
789
-5380
-7951
-6505
6359
9688
5917
6841
-9971
2236
9043
848
5723
9936
9247
-1128
-397
1731
-995
6748
6972
-6951
8660
-5978
-6305
-7089
9850
5964
6774
-2198
6022
-8486
5399
-6855
1642
-2590
4316
-1360
-2765
3951
-1789
6559
-8910
2401
-1792
3743
1434
-875
-7378
1913
8221
2716
6863
-5445
-3441
-2801
2528
-7992
1557
-8796
5170
-7436
-3419
8340
-1619
2970
-1378
-856
-864
-8127
4690
-2811
-5508
-8723
-7602
5494
8518
6056
-7539
-4004
3573
3547
-1187
5157
-2529
4159
-3677
-2397
-7679
5094
-6905
-5719
-4590
4663
1
-6522
-6535
7079
3884
4191
6760
2999
-6001
6244
5609
-8475
-9174
6594
4669
4155
-2506
3373
-632
-4909
2834
-7864
4558
-2266
3536
2002
4915
-2662
-9751
-289
-7445
-6126
2192
-5512
-8794
9064
-2870
8677
8810
-2781
852
1003
-854
8455
4261
2040
1139
-4192
9243
925
721
-2822
1926
-494
-5549
7856
3951
-1677
-9001
9846
5923
-3235
4629
-207
6372
-7273
-4221
2913
3381
-950
7264
-1241
9723
-1431
-1240
-1436
-5516
-3839
-3520
2142
-6787
8127
9426
8969
-6122
-1384
-6503
1693
7767
-4910
-9014
1852
-8298
-6774
-3659
5394
-8005
6408
-53
7143
-2121
-7966
8745
-620
-6535
-4223
-3976
8207
7200
4536
7750
339
1180
9361
-4239
-2579
7123
8403
-1984
1356
-978
-3215
-6834
-9518
7767
-6583
-6839
3541
-4466
-3235
2431
-8125
9103
-3421
-6629
5030
-1051
-4732
228
-2474
-8402
9750
4629
-8645
-150
8585
-2097
-5614
-5349
6486
-586
6431
2539
4405
4875
6020
6063
2184
5244
32
-1932
1329
4826
-4970
7726
-7282
-8430
9173
-4211
-7951
-4369
-6399
-9579
-8365
171
8790
-3974
-1949
1132
3338
-7913
6381
-8488
6157
1697
-4028
-4087
2033
-7631
4329
-8947
-4120
7573
-8149
-9770
-8849
7812
-8932
7640
1101
-7909
-7515
-380
2517
-3327
-6803
7512
-8609
8445
-5100
2617
587
-4840
3371
3991
3608
3845
9610
-1684
921
-943
-1051
-5284
5840
616
6387
-4276
4034
-8557
-7795
3205
-3320
9318
1830
3239
1162
3397
-5815
-9316
9755
-7676
-7030
8965
-7811
6766
-7528
4507
-8687
-5465
-2584
1429
2426
1524
4532
2742
3926
9635
1135
-724
5444
-6138
-7983
-1287
4980
8277
6087
9686
4085
6846
175
-7139
-4843
3348
-6937
-9926
1547
-4488
-4467
-1680
8733
-5283
-3882
1727
2709
1142
496
-8796
7226
1924
-5123
1862
9558
-8735
9416
-467
5521
3821
-3853
-3487
-7647
5956
7001
2542
-6050
5124
6925
945
5012
-8054
-1507
6056
7446
9982
1017
7541
-6585
-3545
-7659
1351
5331
-3229
-4924
1309
6284
7628
4366
9749
8889
-7113
8582
-8664
509
7166
3037
-2703
5071
-7942
1791
9267
-1655
4949
9361
5085
-2466
-3773
7724
-3428
-5506
9424
3118
9758
-1146
2099
-1903
4581
-4529
2823
-8955
2484
-902
-7202
8849
-7574
-105
-4337
-8540
-9302
-1589
5968
-9224
8120
-7434
2621
-2602
-7445
1376
-2486
-4850
-9064
-9610
-5259
-8591
8010
1248
-3819
-3636
9262
-4831
6412
5707
4104
8365
-7119
6719
5164
508
2413
-1207
8635
2591
9194
-3836
7867
2828
8597
4777
4
-2733
-8697
-9883
-6082
-3329
-1853
3733
8067
-9791
6731
-2951
-9544
9393
-1247
3291
-9269
1706
8933
7291
-1486
9782
6893
-1115
4044
8099
167
3709
-4847
-1151
-8326
-999
-7321
-9813
-5194
-6812
2947
-3887
9009
7315
6186
-3380
8610
7726
519
2185
150
3115
-7449
-5208
-8124
6036
5398
5964
114
-1749
-70
-2126
-6114
-621
7869
-5412
-8157
-7434
3305
3119
9038
-5314
1473
7803
-9802
6081
-6547
-2209
3680
-2646
9089
-625
-5122
6730
475
9010
9379
-8582
4672
1648
-2898
7196
-4284
-7285
-5277
7199
5103
-5144
782
-1139
-9249
-4221
-2237
-8790
755
8698
6580
-9607
-2549
5006
1841
9261
-6658
-3989
-8517
1294
-3686
-4026
1356
-9769
1867
-7161
7674
4392
5192
7378
-4990
2538
-5812
-2032
4641
-9241
-5131
3130
-6635
-246
-6810
-1978
4322
-6955
-8149
-4469
-2516
-701
-2781
9678
-5651
-1517
6913
2758
-8303
9807
898
7364
5068
-5732
5297
-5682
-9894
7235
-3994
-5029
-9233
6718
5289
2413
-8215
3227
-1809
9361
-4639
-9259
6905
-5551
-255
4098
9251
82
-4758
3811
2436
-1811
-7255
-8713
2183
3192
-3972
-7454
-6093
4887
-7250
-4431
9094
49
-6238
-7257
539
9654
4318
-4612
6047
-5437
-2075
-6027
8186
3079
-5236
-258
7592
-7411
482
5088
-9692
9615
-1746
90
-6472
-813
9968
-4209
5828
9505
3256
489
-9821
8309
5936
7239
-2375
-9711
5850
2854
-8787
-637
7901
-3023
-9316
-785
-558
-1983
-1257
1019
1469
9273
7973
3932
-1103
-1295
-5851
-307
7428
2231
8802
3058
5039
4351
9706
-7991
7488
6114
-5967
-7598
4470
-4759
2895
-7137
-6317
-9674
-6785
4255
-112
-585
-4380
1782
6411
-7310
-2247
-8356
1851
-435
191
-5841
8574
-3806
-1169
4819
6285
2052
7664
-4410
7973
-8739
3858
-6431
-575
-7285
-6824
-1386
-9949
6054
7445
6121
8593
781
5357
-5444
-8738
-2366
-4151
-5676
3742
-8382
-9879
-3861
9664
-232
6156
2768
7274
-5863
3284
-5396
7901
7096
8351
6260
-3833
5492
2075
3431
-6202
-3123
-1079
7795
6416
-3578
9648
8291
-271
-2974
-6926
8405
-8501
3121
4531
2458
-4342
-2968
972
-8879
742
-7833
-9
1703
-9046
-1526
1248
-2971
3745
2153
6374
-7268
5806
4750
1051
6440
-9512
-6226
883
3032
-3155
7354
8636
-902
1140
-7363
-4287
1532
-2945
2046
4939
8435
2646
3233
-9353
-1490
4106
6863
2115
-4836
-3729
-5294
-6766
-748
9455
5116
4
9151
-4111
-1231
-1709
-1333
-2956
7232
1072
6218
-7152
-2589
-7201
-3201
-2901
7195
7012
7488
-2912
-1642
-6958
-4760
-1770
-7169
1093
6604
1692
-5940
-6373
-5729
-2600
-7310
-8610
6262
-9788
1025
4823
7458
-2222
-7399
5198
2066
-2646
-1249
8209
4539
-177
-3853
-3450
-870
-4973
-7847
-7476
8842
-7669
-3771
-7380
8335
-8196
8881
-7229
-3643
5713
-2666
-812
8047
-8492
-6097
-5946
-7934
7666
-1205
-4915
5058
5700
-9516
7691
-7754
-9010
4681
-6457
3885
-9942
5402
-3366
-1898
-2897
-6519
8225
966
-245
1478
356
4616
9545
-8845
-9936
-6867
-2753
-4643
9843
-2035
8841
3696
412
6581
-8134
-4437
-6813
-758
4718
-2104
-3554
7736
3440
-9664
4109
9692
7617
-3653
1296
9492
228
-9084
-5027
-3200
9506
588
5849
8195
-2417
-9976
1628
-8279
2542
-9175
7459
-7841
6770
1671
1277
-6192
2675
-2163
-9985
-8869
2746
-3658
-3026
6681
-3152
-1668
4903
1489
-7258
-664
-5373
2661
9470
-7611
142
8153
69
-3173
3739
433
-2242
-1326
-1272
6214
-2973
-6819
7367
-9065
6125
4838
4455
1306
8258
3994
54
8942
-8837
8155
-5325
7589
5061
6665
1405
496
-8962
-7489
5075
8481
-2198
6925
-7183
-7884
-9435
-4666
-2524
-567
1762
-1030
-3993
2441
7540
-4065
-7233
8562
5564
3621
3517
-687
-1234
5616
6915
1722
-5035
6272
3213
-532
7413
1378
-538
-2624
-6332
1754
-6576
1181
4872
5138
-6651
-1006
-193
-6076
-1871
5315
1469
-7700
4216
2877
-973
-826
9690
-2773
-2679
-2739
-7165
-8598
-4140
-120
-3793
-5543
-8181
2023
956
1427
-3062
4640
8099
-4150
6693
9407
-5970
-5176
6796
9521
-4178
-6688
1932
-5522
-3910
-8086
-8861
7561
-3593
7032
2731
9213
-5635
5528
-471
6656
6234
9748
3765
7625
9859
-4087
8386
4649
-4673
3255
6416
8902
-3099
8856
7179
9160
-6581
-539
7029
4884
-3986
1992
-2799
3322
-3979
9662
5854
386
-4116
5344
-2492
8272
-5521
1443
-4055
6103
6691
2276
709
-9636
7910
7469
3862
2071
-8413
-1048
9158
3907
-1320
-3784
-376
-4410
8765
153
4379
3278
-2878
-5812
5215
9009
6
3620
-3401
-3636
6635
-715
-9715
523
9049
6784
6561
2876
-4941
-5185
-9238
-9031
-4875
-1750
-3769
-634
-5084
-5783
291
-2108
-5634
587
3034
3054
-7315
-1447
-4305
182
-2207
-6847
2791
103
9301
5241
2350
5685
-2745
-2326
-7539
3154
752
1666
7420
1589
-5868
5989
7472
9159
1894
4335
-6624
5378
7674
-4668
1345
6725
9575
9207
-9150
-702
-2306
3340
3875
7159
3503
8932
1583
-8571
157
-489
3977
5782
9950
-4820
-4571
-581
-1356
-1679
-2284
-2458
417
-6729
7803
-9935
-7721
381
-5871
8747
3282
-6449
4388
3222
770
-4505
5504
-5997
9682
1077
6505
-3785
4911
-59
-423
4912
-1810
7385
6427
5879
-79
-613
-7408
-2499
35
16
-2723
532
6996
-5573
-5233
-4919
-1628
1905
-5658
-2507
703
2086
-7299
6894
682
5188
-7729
8213
1673
70
3202
1642
3023
-9624
8926
-7865
2132
-8021
9266
-8305
3346
8918
-8706
5135
7766
-5682
9258
-5140
1680
5901
6476
-8083
5755
-5676
3959
8543
-6570
9776
6895
6348
7703
-6501
-495
4546
4105
5230
-972
-929
4770
9220
-556
-2498
7285
-3372
9146
-7445
-4556
9480
4829
-8576
-4836
-9445
5181
-7099
9952
-9258
410
5291
9071
-6350
-8130
5433
-1984
-5053
-5608
480
9185
-7108
1997
8710
-52
4172
-1381
1540
-517
-8618
-1228
6738
-3241
-101
-5112
5180
5638
1299
-1188
4483
-99
3877
5337
-1681
-6364
759
-6618
3469
-9084
4725
-1379
-2481
-5066
1623
9521
-9543
-676
-8909
-3978
-625
-4181
3219
2310
7485
5546
-3285
-485
3181
6487
2458
-5184
-8110
-5275
-7056
7824
-8513
-9521
3681
-4770
-5463
-9649
-2279
-8472
-624
4070
6363
8653
4790
-266
505
-8490
-5791
-893
3333
723
-2786
8668
6053
-6995
-3329
1768
202
7704
5753
3210
-2717
-5142
-8551
-7204
754
-3018
8299
1225
5231
-7009
7036
-7221
9373
-4598
-4256
-351
6830
-9226
-4978
-3242
3122
-2919
3472
-4955
4077
5635
2033
451
5354
5942
-5332
5936
2921
4874
4906
-2156
-9365
-6773
-7074
1246
-8611
6459
-567
-2566
1475
5975
8773
-4142
1211
7909
39
5917
7814
-5519
9340
-5157
-2286
5786
2754
-5518
4969
133
7283
-5817
-1144
8402
1437
-3399
-2472
1748
-424
8450
2412
-1274
-6903
3900
-9681
7350
-5675
-7331
24
-3939
878
2966
-1479
-4784
-6591
-1510
-1848
-2274
6327
5768
7068
-6684
-638
7999
151
-272
8110
8140
-6763
5566
6029
-9860
-9975
-1304
6173
-171
1195
241
6709
3787
4790
-7674
-6808
-1409
-6900
-8176
-4308
3520
6494
-2284
-6615
5982
-3140
1651
5560
4219
7301
-3936
197
4046
-9206
-3638
-8759
-660
-4940
-2422
8160
-431
-2605
585
9962
7974
-4680
-1520
4686
9169
-1570
-8626
-8725
7319
-2777
2174
1682
-6662
-446
4775
-6693
8480
-4502
9685
1565
-8923
5487
-9089
-5199
9142
-777
7661
-2178
-4474
-4495
-5586
2439
-3607
6376
9826
3615
5624
-678
7807
3453
7532
6682
-9244
-8622
-1972
-5547
3849
3497
2532
7815
7212
9391
-60
-8094
2790
5451
8445
6430
9676
-7921
-1309
-6621
-1641
7315
5039
-6282
3268
4385
-4130
-1337
2716
8055
4016
-9669
2723
-4224
-309
-9392
3236
6273
7704
-6357
-7314
-104
9939
1869
9826
6196
-3329
-7260
-4049
5578
618
2008
-3562
1116
-4448
8528
-1113
3712
3291
8526
5115
9555
-5857
-194
7363
-3539
-6591
4044
2605
2544
1534
2256
-7434
-3009
3569
4592
-4966
4891
1463
9041
-7004
-2551
9728
1887
5001
828
8194
293
-3560
-2403
5078
1070
7868
1496
8654
-7388
-2828
3529
2496
-9563
-696
7134
2849
6317
9606
7319
-5714
1472
-8588
3989
-9272
-2006
7801
1612
-1005
8000
-6791
9932
-8776
1501
1408
2032
-2497
4099
-5875
7098
9734
6161
-6594
-6458
2849
8104
-1013
-6086
7121
-1750
-9997
-6074
-4573
-9164
7641
9307
-299
-1899
8280
7370
7476
5098
7593
7893
3788
-8754
153
1959
-5203
2625
-2366
7936
-7930
-5000
739
-9512
9573
1228
-9177
2559
8202
7568
-7513
8317
-6823
2963
8539
-8874
-1012
1011
-4470
9741
100
2210
1777
-4376
3837
2178
6867
6648
1113
-7686
7594
3485
-3666
-3938
6995
1486
-3022
-6554
7014
1665
-9068
8343
-4915
-450
-2048
-2168
1722
1107
7375
-7056
1787
7552
-4157
3329
-7344
-1276
-7534
-1589
-6705
5274
-1690
-3607
-2403
192
-5492
9189
981
-8954
-6174
-7214
9504
-8557
4945
42
4588
-4506
1336
-1854
-7293
-1341
-49
-1873
-7051
-9088
9828
1323
8296
1248
-7778
-3446
-7749
3967
6821
-3029
7333
-6286
6
-9201
-4652
1964
-8871
-9433
-6372
4570
5319
-3357
-6817
3708
6314
-7086
6367
7964
9103
4023
-5531
-153
9687
3843
8538
7053
3516
6821
6481
-1720
8280
6224
982
-1035
5086
-3875
937
5623
9875
-8792
-1261
2560
-8995
8428
-9813
1807
-2923
-3063
988
-2247
-3360
6434
2140
9746
6583
-6256
-9665
-7138
-4920
4351
-9057
6300
8074
-6292
4699
-6504
6817
-7536
1452
-1478
6917
-539
-6264
-6874
-1254
3236
-6312
-1927
834
-8622
3360
9634
6975
-720
981
3731
-9020
3734
772
-1185
-3383
3334
-5327
1483
-7596
2528
9356
-6879
4039
-33
6582
2939
-8234
9309
-6981
-2792
9796
448
3753
-3095
1661
2968
-7785
-8348
7478
-1741
9260
-6341
-7232
87
3608
-5335
-3304
2539
6708
-3555
3052
-9121
9058
-9648
5270
-8668
-8329
8876
5047
1389
5451
-1783
2801
-4193
8944
9269
-411
-435
143
5459
-2721
2153
494
6028
-8865
8461
6942
494
-8900
-7376
6958
-8616
7325
-6285
-9685
2902
-9349
-7158
-5074
6128
-9637
9396
-640
7607
6970
3556
6076
-58
2377
-6075
7469
-1750
2808
-9090
7408
-3850
-6530
8987
-9848
6034
466
7684
6738
6705
8782
-4409
-991
7186
-9605
4376
-6868
2510
-1423
4266
7551
7888
556
-5978
8604
7256
5516
2472
-7610
-8468
9195
7749
-6876
-421
7857
-1257
4854
-2252
6640
2105
-5038
261
-1611
9795
1509
4463
7722
4913
-3316
3828
284
4941
-2138
9604
-3380
-2873
564
-8887
9010
5318
-6959
2245
-6367
-3186
-8028
-7349
6022
-969
-1322
5
9121
-4172
-5784
6744
-8900
160
-2047
-2463
4393
-1213
-7593
1622
7140
1874
5584
5395
5394
7676
5114
9457
-7546
3710
4500
-212
-196
178
3321
-638
-6936
-8629
4496
-3367
1460
-2011
-5772
8667
6798
-2316
7156
5914
1683
-1606
6065
4927
3449
9072
-3497
-6742
-5754
-4577
4876
-3104
-3369
9555
-2467
-1984
8081
3567
-1943
3011
4413
6858
7233
202
9789
7836
1383
4174
-3553
-6324
785
-2232
1632
-5482
4875
6862
2706
-5911
-387
-878
-1028
6049
-1549
-4722
1938
9029
-2571
3252
3413
-6055
8741
6640
9226
-7181
4453
-6907
-8668
3562
-5898
7893
-4967
6854
-3124
-7432
-9405
2839
-9402
1774
4036
-3873
2937
-8465
406
2172
2914
2063
-4446
698
9763
4490
2796
-7673
-1106
-3309
5305
9447
3499
-1819
6745
7851
-5355
7309
1292
6546
-9459
-2516
9576
5182
2781
-5314
1653
5123
-5457
-9350
9167
-5124
-2883
7590
-7827
2088
1748
5935
-5842
-3078
662
-7171
5461
-7987
-7173
-4212
612
9383
6630
5936
6360
-3412
-530
7333
-6693
-2075
5507
-8573
938
-7199
3636
-7478
-2123
6469
1222
7854
-2473
8537
-6371
-1142
1273
5698
2868
202
9710
-8000
2701
8524
6512
5405
1759
1291
-4383
9136
-6213
-7320
5586
1104
7167
4704
8465
3314
-2026
-7273
8977
7500
698
1449
6209
-5504
-5925
-2059
-5107
-6868
-1077
-1900
8426
6945
-596
5179
8749
-9024
2738
6012
9848
-3649
-1245
-2563
-8607
5468
-2254
-769
3846
8515
8855
9702
-6389
6441
340
3273
5061
-2988
2071
-6282
5264
-7851
-2935
-382
7680
1876
7170
1537
-2726
-4663
172
1072
8036
-2628
-2607
-6104
-4425
-367
8545
3721
-2919
8486
-6248
4703
-4861
1809
-1703
3872
7189
-5785
9770
-5224
-1874
1218
8737
8137
5690
6051
-7106
6862
-4555
5912
286
-9195
-6542
3069
842
-8954
9024
4640
-2360
-2005
4921
-1108
-1832
-1617
-4954
7472
2094
4161
-8626
-2493
5429
1700
597
4216
6919
-4782
4559
2783
-8151
1718
-9537
-7519
-6871
3864
-502
7769
-9351
-9710
-1938
-2363
7957
5960
8280
-4086
3606
3259
5447
3287
-7100
-2932
7364
901
-3811
8985
-1971
2790
-422
1780
2956
-6672
4820
6225
1349
6190
-9844
-6953
590
3361
9840
-4856
5137
4063
-8656
-5317
-8198
-8809
551
3975
-7107
-8345
-9672
-4356
-350
-5771
3529
9678
-3074
-5202
-645
6551
5583
-3319
9240
2955
2958
721
-8428
-6390
-8570
915
438
1524
7250
5465
4093
9917
-735
7811
7591
-7029
-7235
818
7455
-4131
-9086
9275
-7060
-5052
-1444
-2013
5533
-8138
6941
9949
6307
-9101
7009
-4579
3949
-4601
-9437
5983
8346
-5519
-3077
4169
-1347
-7191
6894
5506
6924
754
5158
7497
-7781
-3851
8609
3219
-3896
-3202
-4054
7873
5919
-9278
-9476
-8547
-3711
9476
-3193
2883
8312
-6700
-2417
-3221
-7581
-9
5640
-1224
-948
11
8649
1000
8435
5390
8951
390
5485
1188
-3791
-9728
8696
9121
-1885
3682
8867
1800
-6984
-596
6952
5373
338
8977
-126
273
-2819
-7485
-4318
-363
603
7912
-8402
-4659
9191
-5974
-2068
-9298
8263
-6290
-3869
373
6863
-8005
2546
6879
8774
4613
-2086
-1616
-9687
-6246
-146
-7308
4981
7481
1957
198
943
7813
-1790
6572
-5145
-8773
-6439
-7075
3269
3181
3306
1326
9726
-8119
-2177
6544
-9972
-2974
3778
-8300
7739
2048
5236
-2929
-5896
693
-6511
9266
9159
-8025
-2591
-1007
4398
8419
-6682
2700
7404
-6890
401
-1992
9372
-3261
-2098
-927
5838
9672
-7487
7183
7641
-5176
6811
7386
-4468
-240
4473
8892
-86
779
7218
-112
143
5255
-7740
4471
-316
4190
3673
433
1666
9278
-9032
-4144
220
-7476
-3635
3846
-6940
-6805
-9179
-8129
-86
-6275
-1418
-3423
5534
568
6331
-3027
6766
-1084
377
5258
-3453
-7595
4633
257
-610
9139
6331
-2990
-9697
-2981
6378
-5903
-3249
5523
-5032
1075
-2272
108
390
-4029
-3554
552
-828
8775
596
-4380
-2039
6805
9418
7280
4922
-4749
-7060
-3471
9849
-6320
8395
5298
-1577
8735
426
-7457
2218
2089
1005
1217
4634
-7487
-671
4963
-7130
7151
-884
-8565
8233
-655
-5408
-7037
4222
877
885
-4854
-1454
6383
-1529
-9970
3442
-5992
-2705
7207
6925
9405
9385
3155
115
-634
952
-8488
-8860
5929
-3806
9575
5600
118
3004
1835
-8221
-958
8946
-9947
3254
-1382
8265
-6817
-2041
-626
-7518
-3574
5359
7632
-1547
107
-6013
3792
-2916
3417
-1462
-4212
6332
4114
3551
-792
1777
5596
3711
9597
380
-3217
422
-5689
7909
-5766
-8556
-9771
-1440
4987
-4978
818
-7664
-6199
-325
1543
-2696
-7110
668
-945
-3819
-3607
-6724
9888
-853
8921
4142
4838
3236
1014
-9257
4194
1579
-9547
1273
-711
-3731
-2142
2859
3894
-8600
-4553
932
6300
5865
-2176
5124
-8483
5063
9447
-8698
-2345
-6236
-5993
5244
-9615
-6979
-778
6154
9109
6965
-8328
-8752
-7128
470
-6726
-4155
-7465
-1222
6998
-7859
-5844
1816
-44
-2332
9039
-9092
3606
7545
2360
5819
-4996
-8237
7670
-502
3137
9781
-1557
4601
-8867
-1215
-8461
7635
2079
-7520
3951
217
-705
-7293
215
-3010
2914
-5706
6808
3279
5874
2302
9607
7725
-9447
-1139
-6005
8640
44
-9084
-3021
8010
842
-442
2342
-6418
-732
5382
527
-5335
-2236
8392
-6464
6148
2544
-8903
-1043
5736
-4941
-8580
-9342
7530
-7385
4071
-2040
-167
4538
-8369
-8923
-3396
1488
-5711
-8160
-1
-495
6410
-4623
-5104
-9618
-5566
-7512
3792
-8848
-8019
-4615
-3968
8395
8134
2911
352
4964
-1400
9531
-5079
-8558
2575
3035
-6248
1117
7705
3511
-829
-4802
2477
-3846
8340
-9962
1376
8209
-4420
6297
-4083
7625
-4043
-5562
-8726
9800
-6149
-3058
9103
4683
-9247
9835
1592
-7561
-6613
9482
453
7788
-4803
-4529
-1958
7154
2512
-6129
-4485
-3799
-4293
-8109
-1736
3529
-218
-432
4638
9220
-9332
8627
-2733
-4604
3309
-6880
6012
-9777
5
-1936
7974
5411
-8836
7956
8728
9553
8988
-1246
3034
-5882
4403
-4778
-2514
-5396
-3554
-1246
6909
7927
7042
7355
113
4857
-2316
342
1896
5591
-396
-734
-6869
7622
7277
2478
-7701
-7436
-9882
6738
-5366
-1144
4054
4916
-3134
-5446
-4482
-6002
4627
-3398
3926
3344
6016
6026
7895
1513
-4358
-9917
2862
-441
2965
3916
-4102
-230
8898
3434
8277
-1136
4522
459
3706
6416
9888
3193
1439
-6813
8216
-1312
8874
-8938
9510
-2043
3186
3494
-812
-8011
7469
714
-5080
-3860
-5234
8378
-3245
452
-5247
-8222
-3834
-1537
9124
-8942
1953
-3260
-1229
1278
-8870
-6924
-5754
9815
-1916
9142
1585
-57
1226
-3994
-2431
-5352
-677
6142
1556
1882
-501
9631
5844
-2775
5052
4659
3886
-4801
-6604
2110
9850
5100
784
-6492
4804
-7442
7853
8079
230
6672
7921
-2819
-4663
-286
-9989
-4583
-113
4121
1094
-1748
4243
-6611
5451
-3066
259
1513
-8795
5090
57
1274
8314
7152
-5519
4275
-2484
-3121
-3993
909
9765
-3449
-8154
-9638
5046
-3964
-806
7995
-5735
2169
5141
4881
9739
5220
7039
-4191
9678
-7439
5449
-8000
-8562
2346
-5633
-1372
-8489
-360
-959
-6509
4025
-8523
9310
5875
-5192
-6977
-2018
-3772
4222
5860
9300
-7415
6930
-3618
-6899
2712
2652
-7091
-291
-1414
-3052
-8321
-2694
-5647
-6509
1986
-9228
-9028
-4718
-66
-1239
6608
7866
-767
2843
5567
-6988
-5902
-1568
5743
-9108
1704
1663
-6465
-6330
6234
9149
-7352
5949
-1918
-3306
-1523
-9846
-5220
-8976
3602
7519
3791
-1187
-3053
-8013
-2543
4151
3915
-9411
3609
3745
3595
1075
-7622
-4439
622
-7655
9384
-2295
-4916
677
-9989
-3694
-1179
8790
-5960
7135
-1357
4078
7210
-8264
-43
7802
-5979
-3285
8859
-497
5422
1578
1269
2872
-6878
-590
-9246
-2401
4842
-6585
1524
-6782
2320
9024
4736
1883
-3586
3031
540
-4107
-3960
-7268
8585
6135
6960
9183
4345
-3495
256
7779
-7035
-6228
-4119
1977
1051
-174
-4466
-8419
5986
-6382
9546
-6699
-4327
-677
-6893
7831
2829
-4299
5408
4353
4070
7719
5176
8135
-4685
-9857
5641
-9777
-1056
-5164
5956
4700
5201
182
-2923
-984
-3253
-4586
1587
3469
-1915
1244
8578
31
4170
-897
2714
8807
1992
6044
4786
-8302
-6731
7164
1242
7566
-1324
-8931
4829
4901
-5220
-5697
5495
-8712
-1823
-3116
3882
8540
1941
-4769
2704
-3652
-7538
1149
-361
-2018
-1691
3738
1789
7492
5427
-8237
-335
-4480
-3752
9449
1000
9805
8889
-7397
820
7934
-7912
-6496
3689
-9432
8094
5874
-6771
-5368
8022
-1249
-4432
-2308
-7120
225
4635
5693
7037
3661
7774
-7675
-2460
1482
-2637
6807
-652
-7235
-9267
-3999
7732
2763
7294
698
4025
-1788
-5959
6345
8867
-5159
-1000
-4269
-6566
-8958
-2264
1976
389
-3940
-7285
4221
-7740
9540
4243
-3484
-9810
7481
9922
5484
9407
1985
2442
-1852
5188
-4580
6775
3929
-9632
-4630
-8644
290
-733
-9007
-4798
-3312
5424
-8919
6049
9422
1595
-316
-8983
7215
-2482
991
2597
-177
-1626
-2270
-7858
5529
1411
7444
2626
-1978
5136
-92
4790
-4732
-6113
-5335
-6811
8297
-5796
5351
1575
7002
7096
1193
623
8634
-5352
-5437
3228
-9939
-1885
651
-908
4013
3702
-6731
8440
5772
-3802
-4399
-5783
2979
-1830
4304
7313
-1043
7577
-3168
-2878
-3814
7778
6937
1191
1858
6870
-5637
4969
208
8348
9518
-6463
2228
7525
6252
3907
-6135
-7466
-3498
4843
-6114
1306
-1896
5884
7486
-8161
-9037
7601
3493
-2091
-1829
-4045
9403
-3189
5773
3853
-2862
8967
-3251
4864
-6767
5030
-1123
-3970
5461
-4454
2691
-5386
-6739
-1900
6071
-5789
-9834
-6295
-3016
1726
-9594
-3251
975
6080
-5483
-7656
-6541
6112
5441
-5043
-4812
4978
-4116
5964
-4310
-5465
4080
5495
-4444
8429
-565
8464
5004
-5465
1362
-3184
8836
-5932
-6114
-7952
5562
-7743
5125
5784
6535
3120
-9040
-5400
-9865
-2287
3376
3094
7334
-9694
5407
4938
-3625
8445
9028
5597
-984
-1139
-9132
996
335
3375
-6779
9915
8063
-5530
5297
6925
1394
-7949
-9792
-1865
-5803
-3359
-1265
9814
-618
3185
1859
-8519
8514
9732
-8496
-1033
5268
-3820
-1719
-9314
-1957
-2465
6967
71
478
-9605
6039
2499
-1716
7858
-7522
561
248
-9228
4287
8873
534
4981
-5396
5862
506
-2219
6363
9311
9825
-1122
-5532
-8294
2425
-3619
79
1319
3566
8173
-3208
-7766
-7794
-3271
4892
-686
885
3358
3702
2133
-8227
6863
4631
-5585
-568
8320
5294
6183
-6726
4783
8704
894
4504
-3242
-4708
-5249
-9558
3658
-959
-6726
-9817
6253
-3240
-3265
2673
1332
5362
-2232
6890
3979
-5511
-2882
-3646
2694
-8277
1867
-2422
-7738
4478
7893
-2673
1595
4920
3978
-2197
-171
-3864
-5390
-7596
-5087
-6806
-7087
6969
6861
-2657
-3486
-7770
-8546
-2061
-8665
325
-1878
-4051
8957
7492
-9802
-129
-9241
3859
7892
-9760
-5347
8946
2131
-4228
3397
239
4202
5573
4482
-3986
7813
8161
5350
2668
6490
5700
4702
-4010
4298
-3576
-2805
3049
-4415
-6233
4031
8918
-8606
2321
-9946
4084
6127
5576
4118
4334
9985
1302
1011
9329
8465
-4026
-6106
4912
-3131
6620
9941
-5720
10
-6102
9943
1852
-6620
-9849
6306
9882
-6532
-2753
5094
-9006
-2390
3853
-678
4055
-9115
3701
6842
-9002
-816
-7310
8315
196
-6960
-373
-2739
7729
-5015
4549
6957
4855
8060
5493
-4638
7816
-8227
3817
-2858
7456
2908
596
-1874
6437
6447
-5793
-8101
-9811
8213
9327
-9849
-1387
-5564
-4865
-2032
6324
3565
-4270
6123
-5555
2810
7007
-3218
6790
3752
4996
-2289
7876
5445
-2230
-2909
-9860
-3293
3611
-7997
4967
-1690
7043
3603
6100
9920
7903
-5125
3179
9437
-1022
7577
-9998
-9940
2988
3969
7782
8770
-5304
-660
-815
9342
1672
862
2028
8846
-818
3116
-2514
8653
604
5386
5441
4470
6576
-8810
1737
4587
94
-7995
-9614
656
-2132
-3244
2335
-8863
525
-5234
-7909
-7368
5985
-4797
-5969
6478
-6620
-7795
7142
-8195
2004
-2231
-7960
8758
9674
-8837
-9970
8173
6298
-7805
6425
7766
-4135
5000
8333
5550
-8508
3537
-2308
-4368
1987
1457
-6805
4241
9089
-6637
3982
-7533
-41
-591
6692
-2183
7090
2229
3769
-1146
7922
3307
515
-6722
-1548
-7422
-8407
-9732
4730
-2290
-3008
-3092
3091
9812
-3163
-4013
-4768
1878
9743
-7764
-1226
4211
-1954
-8101
-9627
8680
-5458
8477
1515
9505
8533
-493
-5174
5031
6696
5318
4985
4547
9618
-6816
1016
2879
2810
-3022
-4709
-6051
-5160
-6862
-5211
-7052
-577
-1253
4305
7995
3279
7294
-525
-1010
-2781
-462
2615
-9606
-1515
-837
-5823
-8178
6961
7016
-7789
3346
1094
1354
9966
-808
3797
2016
7953
3249
-6920
-8331
-1989
-535
-375
6476
-4693
-5594
5740
-2363
8689
-6946
-2486
3581
-5895
-3827
8643
-7818
-5964
6935
7736
2809
-47
-9011
90
9266
-2036
6732
8266
-3743
122
-9099
9161
5860
8747
-5452
6240
-2303
5817
8682
7208
6840
3985
-9689
-5917
2952
-4731
5250
6001
6929
-6123
3874
9375
-6468
-7312
-9492
1343
-8539
-3532
7953
-7313
-2765
6309
7185
-4178
6853
-5780
6029
4640
-220
985
-3227
-5390
-9078
-6242
-3205
6256
-1864
-6394
4034
7824
-9360
1977
-5470
3399
839
-8403
6318
-693
885
5224
-8098
5146
4909
-1286
-9133
-7023
735
9608
1587
7806
6625
-771
-3959
4464
1759
-60
235
-7739
-1032
436
-5870
2446
8008
-8499
-1905
-4977
-2846
7913
-1856
-8818
-3024
-2709
-4257
3584
-9031
-9919
8743
-2871
-680
8746
2227
-5526
6927
8097
-5443
-7654
-8429
-1489
843
8642
9142
1441
-1956
-9310
-9412
4288
-8539
2851
-9250
-3827
-5822
1705
8375
-4600
7537
-1191
2512
-7422
6468
-751
-7889
-5430
3562
-3069
478
-1918
-2271
9516
-6155
-2785
76
7860
-8860
2387
-5455
-9991
-1011
-3459
-7710
9998
4712
-8033
3964
-3811
-5519
1626
-1776
-2815
7110
-5632
-7215
7085
2175
-9760
8658
-3838
9836
6047
-2710
2844
-9267
-9333
-6271
-2169
-1346
-250
9404
-3310
94
-1246
-5952
-3118
173
-616
544
6553
1060
9142
2098
7351
-5311
5557
-4494
-6873
3946
-1388
2567
4998
-1463
-5012
8999
-5068
994
8926
-8388
-4847
-664
-8381
-526
-9260
9319
-7211
9107
6259
6589
9112
6723
3918
-7682
6300
-9042
7049
-7094
-3482
5462
4454
-8110
3064
4179
-74
8774
-8249
-3136
-8065
7037
-9066
-4484
-7398
-6618
-4223
3343
887
-1960
5403
9589
4936
-3202
4465
3893
-6007
-6447
9441
-8191
7440
-5043
7613
-4031
4442
8461
-7249
2134
-9460
-6991
-8134
-5887
-9573
-8982
-9060
3412
-7804
-9258
-1924
-863
-2464
-8204
6993
-4416
8710
-6988
-1835
9347
2471
-4986
-7021
8399
5717
6382
4207
2770
-2407
-9679
-2489
8659
7719
-8894
-86
9187
-8964
5040
-4455
3992
-1523
-8276
6602
-7695
-352
-7030
3537
-1207
5603
510
-3864
999
-8493
-8591
-614
3175
1196
-5268
6662
-3939
-8094
-6711
2412
-9407
-1552
-8844
726
1730
1443
582
-6069
5150
6990
-2587
-8493
3748
-1165
-4371
-6658
5512
2003
7828
-1020
9017
7436
7263
4140
-5147
-4190
7448
1246
3274
5237
5674
-8094
-7254
-7983
5842
-1913
4823
-3307
-9780
9239
-7235
642
-8194
5738
2150
-2295
-1164
-2573
-264
-2184
-7256
7597
7490
2733
-2513
-9402
2654
7429
-6880
-7882
4936
8759
6738
9926
-9672
7340
-75
8288
-8262
-6875
-6111
-2994
8270
7294
-5339
-3364
-7155
7512
-6534
286
63
6283
530
9298
7142
-4521
8350
2244
-272
-3502
6825
9342
2185
-7174
8197
-4880
-8686
2653
4733
4094
-5326
-791
-250
8036
9559
-4958
9706
4018
-530
-815
4988
9004
3741
-945
3258
1992
-6577
3629
-1743
-4182
1780
2228
6627
-8634
4429
-5391
684
-8483
687
9229
-4095
-7722
-2705
7689
-5813
9397
9144
1231
8140
-6411
-6017
1682
3023
-3842
-686
-9137
-5240
1839
6793
-9341
4128
2979
-6249
4505
4817
5264
-6353
6586
8224
4085
954
7681
-2610
3310
-5611
2460
-3140
-1776
5796
-1362
5659
-8649
7535
5151
-3155
-844
-1224
-6485
5989
-2774
-3101
741
-3997
-7585
5413
1183
-289
85
3235
-4054
-1510
5898
-2621
4218
-4401
-2677
-9039
-5440
5262
-9469
-1801
-7585
5334
899
-9999
-8255
1167
-1378
503
-3813
4309
-8011
683
3696
8691
-7440
-2584
2145
-2734
6320
1397
-9329
617
-6579
7640
1115
-6608
-5666
-8874
-1658
4980
-6675
-3919
-9679
-484
4099
5005
-2555
-8286
1007
5105
2742
-8986
-115
3710
5552
-7100
-2904
-7963
7337
-7923
6130
-247
6956
5574
-9535
1751
-1448
6731
-4866
-3278
8406
3102
9259
-2573
-4298
7923
-1336
-2631
-4569
8238
-8771
-766
-5500
2562
1133
-6908
-1249
-7874
5174
8416
-9478
7804
5823
2490
-9987
-3508
81
5582
-445
-9550
8047
-7126
6826
5782
-3890
170
-4024
-9149
8004
7690
7543
7521
-4852
6255
2629
371
7808
3773
1695
6241
4828
8279
-5938
9008
-8411
8591
-618
9314
-1353
8050
370
-9035
-4634
-4119
1996
-872
-5522
-3099
-3379
9842
-5344
-2181
8936
9802
-8222
-6996
-1110
7025
-4903
-4313
-6126
7886
2787
8268
8779
2441
4228
4786
-4494
2264
-5146
1479
-2634
8611
-4276
391
-8075
1246
-481
2588
-154
-3996
-1109
-9478
230
-3732
-6910
-3
-3689
-4942
3011
-2335
-3933
8293
-9020
-1785
8647
-9856
1127
-7647
-8628
-8594
-7305
-9911
-4044
-2788
-2828
-6963
6290
9022
201
-3806
-9284
206
-7865
2315
-5791
-7556
-247
7995
-5346
7253
3508
3124
-8668
7904
-5909
-6591
8807
-3165
3894
-5715
-6465
-6690
6513
-3249
6583
-260
8514
-2113
-5837
3863
8362
-4507
5122
-2871
7912
-6187
9520
5084
-4809
-1643
2130
-1536
-6322
638
1919
3088
6469
-6648
1402
-3282
4540
-2487
-927
-3914
-2818
-1582
9600
-962
-2165
5093
690
-6965
1133
4935
1231
-33
-1726
8713
-4963
-601
-3482
-7660
9909
2338
-8140
-8193
3921
-9734
-143
30
9445
8353
7132
4570
427
-7683
1345
-3992
-4466
-9547
-6025
8242
-7118
-4198
2785
4136
9680
8602
-2626
-4584
-8381
-620
6533
2507
8100
-5621
8412
5694
8551
5240
-5153
-9292
-2407
4402
12
1490
-4440
-8317
-1343
-7310
-4924
4731
902
4708
1323
7158
-2900
-7153
-5604
5801
1471
-1190
-5089
-1982
7878
-8024
-4278
-1304
-9862
912
5553
7682
680
7433
3008
-2842
-4377
7504
-5158
4988
-7815
9750
9211
4070
-2723
-1072
3327
-546
-8849
-682
-6970
-1197
-2601
2557
-5274
-4114
3280
-5315
5883
7592
2850
4022
597
9081
-8427
3233
-8961
-1111
1457
1885
-4681
-1954
-4832
3597
-9763
9842
-7845
6376
-695
2078
8767
9945
937
-5749
2165
-366
-2915
9003
-8990
-2996
-4318
-1523
3019
-9287
55
7460
-3689
-3755
-658
1512
8816
6214
-7507
-4976
9980
6263
-5048
978
1436
-3421
3084
-9421
-442
-4505
467
-9837
-3180
-4555
-5656
-3490
8791
2338
-5744
2433
4335
-1322
35
1049
3066
-6844
5081
-9073
-2653
5390
-3597
-9319
9361
-2410
-590
-2205
2143
3826
4693
-2547
9411
2270
-1611
-2098
4333
6958
-963
-9479
9171
-3664
7625
148
6804
-7087
-3472
9845
2903
6002
-1826
-88
-1815
5943
-3042
3907
2642
-6068
-427
2696
4809
-4333
7357
-4835
-1609
-2594
648
-6887
8282
164
-8900
-4807
-2960
-4692
6591
-9402
8985
1074
-1227
4550
-3
-5994
1964
-5908
7445
2806
-9535
-2194
730
-9938
-929
402
-341
-3548
257
-1216
3408
1870
2585
-7298
-4309
-2203
5390
-6900
2835
-9292
7844
-4988
1834
9238
-2178
-7982
4652
-1504
5384
7587
-5630
8600
-5928
457
4635
9142
3385
-2021
-8261
-67
-6380
7662
5754
-698
-4759
-5590
3336
1254
-1764
-306
-5704
-4906
-983
-9478
-6705
8061
-397
-7498
2055
-154
9450
-4619
-1216
-642
4526
-7244
262
7584
-7626
-3912
-8393
9346
5202
6944
-2749
6110
4601
4982
9786
9492
4957
9005
-8748
6471
-7524
-9700
-3768
-624
-292
-6621
-6562
-3095
8457
6274
9646
4569
-9992
5013
-5631
1753
-8550
4696
4536
-4968
-1392
3223
3326
-3973
4216
-7566
-1720
-11
-3520
-496
4421
-1215
5018
-3132
8113
-7069
-327
-8974
-9739
2415
842
4917
975
-6365
-6236
9295
1618
-7023
8645
1607
6341
-1050
2797
-139
-3931
-1445
-4144
732
-5444
8262
-2817
-5532
2521
3391
4729
-8286
-610
7382
-348
3594
8274
407
-5552
991
-2643
2953
-2904
4412
-5440
-1979
3161
-870
-8405
-5448
-810
-8604
-4137
8137
-5130
-4847
25
6855
9527
4740
-1931
-1540
1077
6619
-450
-4069
7930
8078
-3370
-3826
-3004
-1545
-1630
138
-4795
7117
6157
7227
-117
8488
-1542
5393
-9382
9211
8345
-504
-9609
9941
826
-8532
3544
-6459
-3856
1982
-6070
8153
8342
8017
-8268
-353
4849
-1680
5922
-8361
-360
7190
-6666
8695
-996
3430
-4519
-4205
-8772
-4219
-5900
2911
2548
8757
-2887
-1046
8468
-9013
1730
-7387
-7653
-4624
-7261
6603
-7785
-7321
2733
-8029
4743
-4342
-1345
-4186
274
-104
-887
6024
6226
-7136
-43
-4737
-8039
3026
-3771
1914
-7876
2078
-304
-6003
-7754
6973
2856
-439
-4668
8397
-9381
3216
4704
-946
4649
-4640
2648
-5027
-2389
4143
-347
-3756
-7158
1946
7745
-8628
-8437
5981
7735
-7446
-9018
-1518
-2833
9910
-191
-4358
-7810
-392
-4109
-1564
-2555
4917
9167
-2728
-4880
-7601
2018
-5441
7403
5053
-6298
1824
5852
-8372
6376
6503
6944
-6642
3875
5600
-6114
-4173
-9205
-9731
977
-3945
-5501
-5486
-9269
-9238
-3836
2628
4303
8180
1203
6583
7425
-1720
7270
-1539
3902
5408
-1
124
5318
-6950
-845
5132
-8490
-6227
1220
8641
6124
-4194
-3736
1126
-8732
1613
-1003
7453
4686
-9880
3417
8367
-3386
3961
-853
9011
-3591
-801
8247
-9592
-4716
-8890
3249
-5116
-5612
-914
5558
-9541
-6262
-5148
-339
-6420
-3925
4301
7071
-3966
-3535
2213
-2427
-6157
7678
7196
2309
-2057
-2771
7392
-9167
211
5929
-3400
3226
1578
-4803
9053
-6667
-8534
2607
369
8293
2695
-9916
-8892
349
7769
-6776
9108
-8337
-8995
-1866
7253
9730
7307
977
-8632
358
3183
-2262
-8745
3597
-2524
6965
5527
-1189
-6803
5509
-5874
-3142
5414
-5426
892
-7720
-1655
348
2661
-7664
8504
9102
298
-3528
2487
-610
-1207
4612
4470
3288
7204
1715
-4868
-2734
1524
4703
-7542
4588
-7971
4341
6970
-4769
1663
1984
5009
-1303
-6978
-7115
10000
1137
1077
-6021
-8946
3395
697
812
4485
3953
-1972
2548
-4977
8124
-4100
-8789
4941
-9908
-8580
-5851
-4023
-6951
-7221
-3592
-9757
-7020
6397
-2977
1752
-6484
5898
371
-8341
-3229
6846
8328
-7893
-2556
1191
6082
6437
-6299
1546
-5138
9641
-3869
-9416
-7741
-6820
-9822
-1013
7563
-8139
-9728
-9108
-1236
-2759
259
-2752
3565
5211
5332
8233
3671
-3252
-2091
947
2683
7018
-1012
7498
7588
-8579
-2570
5283
-488
9387
3502
2842
-7566
-5902
1512
-422
8720
957
9403
3222
-7256
539
9758
-6351
3593
-4681
-1974
2103
188
-9566
1151
1869
-7473
7303
7472
5027
4756
-318
-6887
-5336
-9634
6515
-8083
9990
5628
1761
-767
-3239
4984
1497
8779
-5084
5147
4141
8177
583
9979
-2531
3116
1727
-5062
2315
242
6286
-9219
5673
-5063
-5541
7235
363
5286
-308
5482
5068
7649
-9939
-3896
-4959
-6275
6649
-6240
1391
2923
-9925
-7286
1901
750
4250
2280
-1967
7298
2244
-6177
4715
-4531
4800
6550
7170
-5317
5612
7126
-2105
9998
4407
2220
9384
6179
-9013
6196
1620
596
-3333
-2352
-419
5890
3363
8365
-404
5248
5461
-923
2111
-6771
3375
-5045
5475
5153
-3698
9945
8661
2177
-3961
-1809
166
1472
7232
5622
-6350
-4202
-4897
-8397
-8504
-6804
-655
3439
-7082
2300
-7817
-8517
-9785
95
6078
6769
6855
4168
27
2919
9251
1475
3893
4429
4824
-8267
2506
-7808
-4701
-3803
-6098
-1000
6594
6866
-7520
3863
-116
4321
1203
3239
5438
28
-254
-4163
3175
7961
5951
-7465
-3212
3479
-2043
8694
-2840
-114
1818
-9530
-8173
-8042
-7704
2872
-7029
8548
-6037
-3072
2077
5236
-7024
-3172
4803
-9524
7365
-6989
-8676
-2327
7200
-2205
6693
-3602
-3972
-1076
8618
-6217
-7746
595
-7736
2795
6451
7653
7863
343
3873
-9829
-1228
4524
-7454
-6098
524
17
6040
-3481
5071
-7969
-8656
1866
-2070
-6554
-1055
-7139
9321
-436
4804
-9300
1282
-1773
-3811
-7122
2693
6282
-9007
-2864
-9603
-6718
6045
-1072
4744
7817
5860
6364
2877
1981
1350
-7360
4482
6269
1736
-3875
-3784
-1773
-4984
3740
4008
-4830
-743
-7108
6892
-7835
3297
4518
-8806
8852
2638
-8209
-9264
5781
2347
-2488
8367
-1051
21
9458
7302
5020
9996
-2835
1613
-4319
9325
9241
8774
-3634
4562
-8108
-5364
3318
4238
8043
-2416
-378
-1254
9106
-2146
-8533
8473
-1527
-1146
-8753
-4485
5651
-540
1297
-7945
-949
-5097
-3826
8362
-2203
-3558
7960
545
-9003
-2600
1154
791
-2157
-3629
2745
-5299
8411
-6109
-7436
6334
-1261
7970
8179
-3877
-8910
-1001
3069
-7893
-3401
-7580
7782
-9913
7654
-1525
-6558
6939
-5836
5527
7660
-3562
1158
-4298
2583
907
-5213
-5765
5134
-4060
-1775
-6689
2033
-4815
8037
9316
-2928
-4196
-8536
3944
-1440
8256
-1835
9455
-8858
3507
8769
4299
8462
99
9551
6364
-6341
-1220
-1161
-2964
-7084
-4552
5094
-4415
-1391
4160
-9473
4611
2896
5703
-6758
-8263
-5710
-7665
-3993
-7798
-2276
-9001
1874
-2007
2472
403
6655
9412
-6860
-4501
969
-8588
-5156
169
-7777
-7959
-2249
4487
3166
810
7279
-7814
6745
4917
-6703
7452
-8783
2427
6440
-5822
9389
2265
-9294
-6246
1586
-5391
-177
6442
1081
-1333
-2890
226
1990
4081
-4621
-9913
624
-2653
-169
-4495
-1403
-9254
7984
-4544
-8060
-971
7338
-1620
306
-6845
1087
-1246
-3691
-5304
-3071
-7443
4452
-2452
3041
9741
5969
-539
-460
-1620
4510
-5618
-1647
-6288
9273
9744
6078
-3600
-900
-4396
640
7255
-9248
-8445
-2824
6766
-5992
3873
3157
-5550
-6054
-1214
5794
1906
3320
8504
-9727
-8759
1389
-5617
286
-5860
-5418
2823
5665
9904
-6619
8773
-3348
-3853
-3141
6857
-1984
-299
915
1187
3183
1439
-2758
-7506
4905
-3396
8860
748
7247
3427
9931
-7584
5515
3695
4178
-4962
9005
3611
683
2632
2220
-7984
7343
-5810
3416
-4629
6053
5774
8205
769
-3818
6382
5703
9633
5533
-5043
-1765
4511
-3250
7268
-8813
6908
-6965
9366
1355
-9342
-2748
-7395
-2603
7046
7007
1819
693
-3639
7686
-1475
-8833
2343
5520
-5186
6074
-8236
-5579
3146
2251
7352
-1441
-7773
2031
-5399
5460
-6529
2715
-8774
1914
-3219
-2041
-5327
-5899
1944
-135
6417
-3659
-9866
-7410
-429
-5689
-5136
-6522
5137
9556
-8653
-3616
803
5708
2403
5219
-3929
-3225
-6295
2885
638
-4314
3854
8541
-3513
7917
-3315
154
2455
3937
-3341
6403
-4279
4553
-4084
-6128
-5506
-7308
7496
2104
-8125
-2302
6375
4117
1362
-280
5528
2934
8937
-5562
2091
-1724
9974
-5970
9866
-5893
-5490
1223
8898
-9011
179
-3992
8821
-3277
-9281
4405
4401
278
-7725
1088
4807
1709
2433
8957
1039
6208
4826
3786
-7656
6166
-5098
3635
-638
-1535
9111
8453
6424
-4016
8463
-2145
-1311
-2879
-3077
-3558
-2062
3554
-3350
7652
-6502
-8274
1167
4421
2499
1801
-2468
-2905
-7425
7063
5276
8454
-1275
-6536
-8458
7579
-3511
-3158
7008
-3024
-8250
8828
-796
5794
6817
-3477
-5135
3708
3467
-113
1439
5983
-5188
939
5578
5361
4348
6815
5490
-2278
5116
-777
1885
3893
5713
7130
7282
4442
4749
7520
-2532
6497
146
7819
6492
856
5607
-5914
-5930
-5486
-8080
1814
-7081
8123
380
-9163
3650
5142
-6827
8010
4879
-4948
8540
4377
-5578
-765
-5756
4950
7057
7450
1568
549
6583
-2426
6856
8039
4467
9311
4931
1534
-2611
-2671
-8808
3106
-6671
7055
-6178
-7241
3412
151
2319
-4110
3079
7386
-6683
-4610
6685
2610
5212
6678
708
-6905
6311
-9674
-3971
4116
572
-3943
-1526
1027
-3017
5326
-1265
5627
9537
9489
7691
7423
-2715
4255
-7974
-7250
9190
-2287
3109
-4181
-3968
9443
-7406
3323
-4697
8038
8706
-1057
7958
-3589
8561
8641
3989
-1087
3791
1847
-2255
-7478
-8356
6884
1838
9445
-7129
-3281
4041
-3296
6933
-2017
-7512
7384
-8935
-7141
-6820
-741
4699
-5381
5874
5057
-5997
-5357
8567
1594
-4363
6676
7758
-123
-6039
-7320
4338
-5961
5313
-4944
9048
-5001
-6573
-1602
-2781
4500
-6900
-9667
-8499
-5722
9299
-8081
9744
-9886
9424
8808
7074
-1053
-9982
-4142
-2965
1778
-3421
-4506
-5432
9730
580
2928
-6212
-8170
-1776
3640
529
8389
-5133
2810
2239
3827
9486
9700
8239
4121
-7849
-1589
751
-8293
2008
-7603
9459
5082
-3490
-8344
-2718
-2262
1127
-9600
1025
-1683
-8990
7612
3153
959
2247
-408
-1061
-5670
5726
2638
-754
8694